1780288129164 0.49258934724399295 0
1780288129187 0.5125997345872064 1
1780288129194 0.5846298086671606 2
1780288129200 0.5612928458837793 3
1780288129207 0.6204112922866489 4
1780288129213 0.6470780741842461 5
1780288129220 0.6263713815796896 6
1780288129227 0.6340998166531262 7
1780288129234 0.6630892510653248 8
1780288129241 0.6710219056265141 9
1780288129247 0.726672474759949 10
1780288129254 0.7329055759640817 11
1780288129260 0.7427006876602514 12
1780288129267 0.7306834011405449 13
1780288129273 0.7441724590321661 14
1780288129280 0.729935359518143 15
1780288129286 0.7733178363424937 16
1780288129292 0.762463045526215 17
1780288129298 0.81056546342713 18
1780288129305 0.8096068593463956 19
1780288129311 0.8278137204219127 20
1780288129318 0.834180333071493 21
1780288129325 0.8675850573671284 22
1780288129331 0.8689389719830882 23
1780288129337 0.8647633793808753 24
1780288129344 0.8537513933399394 25
1780288129351 0.9170227570942489 26
1780288129357 0.8730172267023063 27
1780288129364 0.8776238444300111 28
1780288129370 0.8553012550324555 29
1780288129376 0.8637170944809156 30
1780288129383 0.8583492199577343 31
1780288129390 0.9068731055937018 32
1780288129396 0.8790753224324538 33
1780288129402 0.9225346186486859 34
1780288129409 0.932738092978845 35
1780288129415 0.9035017745958628 36
1780288129422 0.9164906095877551 37
1780288129429 0.9125744861660026 38
1780288129435 0.9304630716447662 39
1780288129443 0.9280066100246366 40
1780288129450 0.9651726467115183 41
1780288129456 0.9661635079149088 42
1780288129463 0.9306452487542889 43
1780288129470 0.971117375149831 44
1780288129476 0.9869463034368366 45
1780288129482 0.965784021665016 46
1780288129489 0.9578109285283178 47
1780288129495 0.9575940212648266 48
1780288129501 0.9761321899076122 49
1780288129508 0.9658232300967322 50
1780288129514 0.965971976548364 51
1780288129521 0.9911526201614319 52
1780288129531 0.9734681960815518 53
1780288129537 0.9542506170286885 54
1780288129547 0.9611041319597989 55
1780288129554 0.9507164478102481 56
1780288129563 1.0011162288642017 57
1780288129569 0.9892188545938541 58
1780288129578 0.9592719942191877 59
1780288129584 0.9789484788389127 60
1780288129591 0.9885241697391681 61
1780288129597 1.0208468957892813 62
1780288129603 0.9854791999749549 63
1780288129610 0.9959652605491801 64
1780288129617 0.9703507424131126 65
1780288129624 1.00816192204934 66
1780288129630 0.9625028880801879 67
1780288129637 0.9583487931742032 68
1780288129643 1.0000370357365973 69
1780288129650 0.9916567166193805 70
1780288129657 1.0249773631181154 71
1780288129663 0.9775885629160052 72
1780288129669 1.020887718659635 73
1780288129677 0.9861523064871023 74
1780288129682 0.9825141373219949 75
1780288129691 0.9804194078230084 76
1780288129698 0.9530890100164012 77
1780288129705 0.9794245124755004 78
1780288129712 1.0278656875644765 79
1780288129719 0.9611055029622246 80
1780288129725 0.9973850097598038 81
1780288129732 0.9719187670881106 82
1780288129739 0.9597639574302322 83
1780288129746 0.9771101378770394 84
1780288129752 0.9920463216294827 85
1780288129759 1.0128649685748916 86
1780288129765 1.024067942349281 87
1780288129772 1.0033015813535022 88
1780288129780 1.0064167714108059 89
1780288129788 1.0150045081136578 90
1780288129793 1.0284293429320173 91
1780288129801 0.9924399822765775 92
1780288129808 1.0005110445715568 93
1780288129814 0.9655215889056186 94
1780288129820 1.0133248683743799 95
1780288129827 0.9887816626901796 96
1780288129833 1.0040095482160263 97
1780288129839 0.9958008914928393 98
1780288129845 0.9974138010593449 99
