1780288129155 0.507410652756007 0
1780288129183 0.48740026541279363 1
1780288129191 0.41537019133283937 2
1780288129197 0.43870715411622074 3
1780288129204 0.3795887077133511 4
1780288129211 0.35292192581575393 5
1780288129217 0.37362861842031037 6
1780288129224 0.3659001833468738 7
1780288129231 0.33691074893467526 8
1780288129237 0.32897809437348596 9
1780288129245 0.273327525240051 10
1780288129251 0.2670944240359184 11
1780288129258 0.25729931233974856 12
1780288129264 0.26931659885945514 13
1780288129271 0.2558275409678339 14
1780288129277 0.27006464048185697 15
1780288129283 0.22668216365750624 16
1780288129289 0.23753695447378495 17
1780288129296 0.18943453657287004 18
1780288129302 0.1903931406536044 19
1780288129309 0.17218627957808733 20
1780288129315 0.16581966692850705 21
1780288129322 0.13241494263287157 22
1780288129328 0.13106102801691183 23
1780288129335 0.13523662061912464 24
1780288129341 0.1462486066600605 25
1780288129348 0.08297724290575118 26
1780288129355 0.1269827732976937 27
1780288129361 0.12237615556998896 28
1780288129368 0.14469874496754453 29
1780288129374 0.13628290551908442 30
1780288129380 0.14165078004226578 31
1780288129387 0.09312689440629818 32
1780288129393 0.12092467756754623 33
1780288129400 0.07746538135131405 34
1780288129406 0.06726190702115502 35
1780288129412 0.0964982254041372 36
1780288129420 0.08350939041224491 37
1780288129426 0.08742551383399738 38
1780288129433 0.0695369283552339 39
1780288129439 0.07199338997536342 40
1780288129447 0.03482735328848173 41
1780288129453 0.03383649208509121 42
1780288129460 0.06935475124571115 43
1780288129466 0.028882624850169004 44
1780288129474 0.013053696563163408 45
1780288129480 0.03421597833498407 46
1780288129486 0.042189071471682105 47
1780288129493 0.04240597873517339 48
1780288129499 0.02386781009238777 49
1780288129505 0.034176769903267734 50
1780288129512 0.03402802345163607 51
1780288129518 0.008847379838568061 52
1780288129525 0.02653180391844822 53
1780288129535 0.045749382971311495 54
1780288129542 0.03889586804020109 55
1780288129551 0.04928355218975186 56
1780288129558 -0.0011162288642016724 57
1780288129567 0.010781145406145914 58
1780288129574 0.04072800578081229 59
1780288129581 0.02105152116108737 60
1780288129587 0.011475830260831838 61
1780288129594 -0.02084689578928128 62
1780288129601 0.014520800025045098 63
1780288129607 0.004034739450819901 64
1780288129614 0.029649257586887426 65
1780288129621 -0.008161922049340173 66
1780288129628 0.03749711191981208 67
1780288129634 0.041651206825796816 68
1780288129641 -3.7035736597336444e-05 69
1780288129647 0.008343283380619512 70
1780288129654 -0.024977363118115346 71
1780288129660 0.022411437083994883 72
1780288129666 -0.020887718659635016 73
1780288129673 0.013847693512897734 74
1780288129680 0.017485862678005157 75
1780288129687 0.019580592176991554 76
1780288129695 0.046910989983598786 77
1780288129702 0.020575487524499565 78
1780288129709 -0.027865687564476396 79
1780288129716 0.038894497037775345 80
1780288129723 0.0026149902401961782 81
1780288129729 0.02808123291188941 82
1780288129735 0.0402360425697678 83
1780288129743 0.02288986212296063 84
1780288129749 0.007953678370517353 85
1780288129756 -0.012864968574891646 86
1780288129763 -0.02406794234928094 87
1780288129769 -0.003301581353502148 88
1780288129776 -0.006416771410805964 89
1780288129784 -0.015004508113657927 90
1780288129791 -0.028429342932017182 91
1780288129797 0.007560017723422551 92
1780288129805 -0.0005110445715568179 93
1780288129811 0.03447841109438144 94
1780288129817 -0.013324868374379881 95
1780288129824 0.01121833730982036 96
1780288129830 -0.004009548216026336 97
1780288129836 0.004199108507160617 98
1780288129843 0.0025861989406551662 99
